   1.0000000e+00   1.1541250e+00   1.5105015e+00   1.0000000e+00   1.0000000e+00
   2.0000000e+00   3.0929221e-01   4.9365070e-01   1.0000000e+00   1.0000000e+00
   3.0000000e+00   1.1182450e+00   1.2140275e+00   1.0000000e+00   1.0000000e+00
   4.0000000e+00   1.1442069e+00   1.8927849e+00   1.0000000e+00   1.0000000e+00
   5.0000000e+00   1.4340201e+00   2.3687765e+00   1.0000000e+00   1.0000000e+00
   6.0000000e+00   4.1573899e-01   1.1490244e+00   1.0000000e+00   1.0000000e+00
   7.0000000e+00   4.4490143e-01   6.4878908e-01   1.0000000e+00   1.0000000e+00
   8.0000000e+00   5.3941208e-01   2.8798696e-01   1.0000000e+00   1.0000000e+00
   9.0000000e+00   5.6947601e-01   7.6452143e-01   1.0000000e+00   1.0000000e+00
   1.0000000e+01   2.5943757e+00   1.5946788e+00   1.0000000e+00   1.0000000e+00
   1.1000000e+01   8.4278457e-01   7.1907029e-01   1.0000000e+00   1.0000000e+00
   1.2000000e+01   1.0188543e+00   1.1478530e+00   1.0000000e+00   1.0000000e+00
   1.3000000e+01   3.6279571e-01   4.0872982e-01   1.0000000e+00   1.0000000e+00
   1.4000000e+01  -3.0552426e-01  -3.6340489e-01   1.0000000e+00   1.0000000e+00
   1.5000000e+01   6.4017839e-01   1.1967303e+00   1.0000000e+00   1.0000000e+00
   1.6000000e+01   1.0703008e+00   1.2138856e+00   1.0000000e+00   1.0000000e+00
   1.7000000e+01   6.5300226e-01   1.0881439e+00   1.0000000e+00   1.0000000e+00
   1.0000000e+00   6.1375518e-01   8.0327360e-01   2.0000000e+00   1.0000000e+00
   2.0000000e+00   6.1152442e-01   9.7603318e-01   2.0000000e+00   1.0000000e+00
   3.0000000e+00   3.5479459e-01   3.8518427e-01   2.0000000e+00   1.0000000e+00
   4.0000000e+00   5.5249858e-01   9.1396141e-01   2.0000000e+00   1.0000000e+00
   5.0000000e+00   3.6294495e-01   5.9952818e-01   2.0000000e+00   1.0000000e+00
   6.0000000e+00   4.1119233e-01   1.1364583e+00   2.0000000e+00   1.0000000e+00
   7.0000000e+00   1.1005005e+00   1.6048334e+00   2.0000000e+00   1.0000000e+00
   8.0000000e+00   1.7809503e+00   9.5083235e-01   2.0000000e+00   1.0000000e+00
   9.0000000e+00   1.7845274e+00   2.3957277e+00   2.0000000e+00   1.0000000e+00
   1.0000000e+01   1.9429678e+00   1.1942795e+00   2.0000000e+00   1.0000000e+00
   1.1000000e+01   2.1089254e-01   1.7993514e-01   2.0000000e+00   1.0000000e+00
   1.2000000e+01   3.6279452e-01   4.0872848e-01   2.0000000e+00   1.0000000e+00
   1.3000000e+01   1.0188545e+00   1.1478532e+00   2.0000000e+00   1.0000000e+00
   1.4000000e+01   6.2808464e-01   7.4707333e-01   2.0000000e+00   1.0000000e+00
   1.5000000e+01   2.3146882e-01   4.3270088e-01   2.0000000e+00   1.0000000e+00
   1.6000000e+01   6.6151012e-01   7.5025409e-01   2.0000000e+00   1.0000000e+00
   1.7000000e+01   5.2563830e-01   8.7590834e-01   2.0000000e+00   1.0000000e+00
   1.0000000e+00   1.8720421e+00   1.8673505e+00   1.0000000e+00   2.0000000e+00
   2.0000000e+00   6.7108211e-01   1.0450619e+00   1.0000000e+00   2.0000000e+00
   3.0000000e+00   5.1572910e-01   8.1281226e-01   1.0000000e+00   2.0000000e+00
   4.0000000e+00   1.2200909e+00   1.8232296e+00   1.0000000e+00   2.0000000e+00
   5.0000000e+00   2.9139238e-01   4.4921972e-01   1.0000000e+00   2.0000000e+00
   6.0000000e+00   1.8008416e+00   4.1648455e+00   1.0000000e+00   2.0000000e+00
   7.0000000e+00   1.5399622e-01   3.3489096e-01   1.0000000e+00   2.0000000e+00
   8.0000000e+00   9.8129356e-01   6.9994792e-01   1.0000000e+00   2.0000000e+00
   9.0000000e+00   7.6034848e-01   1.2201871e+00   1.0000000e+00   2.0000000e+00
   1.0000000e+01   1.1329258e+00   7.2376987e-01   1.0000000e+00   2.0000000e+00
   1.1000000e+01   5.0147032e-01   2.5298479e-01   1.0000000e+00   2.0000000e+00
   1.2000000e+01   5.2588363e-01   5.4081283e-01   1.0000000e+00   2.0000000e+00
   1.3000000e+01   2.3307648e-02   2.3969324e-02   1.0000000e+00   2.0000000e+00
   1.4000000e+01   2.3057054e-01   2.7166354e-01   1.0000000e+00   2.0000000e+00
   1.5000000e+01   7.4966830e-01   1.2554191e+00   1.0000000e+00   2.0000000e+00
   1.6000000e+01   2.0720219e-01   3.5275243e-01   1.0000000e+00   2.0000000e+00
   1.7000000e+01   6.3704296e-01   1.0823646e+00   1.0000000e+00   2.0000000e+00
   1.0000000e+00   1.2574506e+00   1.2542993e+00   2.0000000e+00   2.0000000e+00
   2.0000000e+00   8.7997745e-01   1.3703701e+00   2.0000000e+00   2.0000000e+00
   3.0000000e+00   4.4784381e-01   7.0582198e-01   2.0000000e+00   2.0000000e+00
   4.0000000e+00   2.4176827e-01   3.6128379e-01   2.0000000e+00   2.0000000e+00
   5.0000000e+00  -1.6594284e-01  -2.5582273e-01   2.0000000e+00   2.0000000e+00
   6.0000000e+00   3.2865666e-01   7.6009141e-01   2.0000000e+00   2.0000000e+00
   7.0000000e+00   7.5415525e-01   1.6400388e+00   2.0000000e+00   2.0000000e+00
   8.0000000e+00   6.4072875e-01   4.5702609e-01   2.0000000e+00   2.0000000e+00
   9.0000000e+00   7.6441252e-01   1.2267089e+00   2.0000000e+00   2.0000000e+00
   1.0000000e+01   1.1891931e+00   7.5971628e-01   2.0000000e+00   2.0000000e+00
   1.1000000e+01   6.8644628e-01   3.4630259e-01   2.0000000e+00   2.0000000e+00
   1.2000000e+01   2.3307933e-02   2.3969618e-02   2.0000000e+00   2.0000000e+00
   1.3000000e+01   5.2588385e-01   5.4081306e-01   2.0000000e+00   2.0000000e+00
   1.4000000e+01   1.4696069e+00   1.7315248e+00   2.0000000e+00   2.0000000e+00
   1.5000000e+01   1.0164601e+00   1.7021973e+00   2.0000000e+00   2.0000000e+00
   1.6000000e+01   1.5862873e-01   2.7005829e-01   2.0000000e+00   2.0000000e+00
   1.7000000e+01   1.2130084e+00   2.0609558e+00   2.0000000e+00   2.0000000e+00
