   1.0000000e+00   9.0109241e-01   1.9171812e+00   1.0000000e+00   1.0000000e+00   1.0000000e+00
   2.0000000e+00   5.3655477e-01   7.1155195e-01   1.0000000e+00   1.0000000e+00   1.0000000e+00
   3.0000000e+00   5.8248574e-01   1.1492207e+00   1.0000000e+00   1.0000000e+00   1.0000000e+00
   4.0000000e+00   1.7403522e+00   1.9486297e+00   1.0000000e+00   1.0000000e+00   1.0000000e+00
   5.0000000e+00   5.2012067e-01   9.8576824e-01   1.0000000e+00   1.0000000e+00   1.0000000e+00
   6.0000000e+00   7.4796127e-01   1.4020023e+00   1.0000000e+00   1.0000000e+00   1.0000000e+00
   7.0000000e+00   1.0202461e+00   1.6359221e+00   1.0000000e+00   1.0000000e+00   1.0000000e+00
   8.0000000e+00   2.3546154e-01   3.9209131e-01   1.0000000e+00   1.0000000e+00   1.0000000e+00
   9.0000000e+00   7.8619517e-01   1.5034394e+00   1.0000000e+00   1.0000000e+00   1.0000000e+00
   1.0000000e+01   1.6742021e+00   1.2091471e+00   1.0000000e+00   1.0000000e+00   1.0000000e+00
   1.1000000e+01   9.1460297e-01   1.4709810e+00   1.0000000e+00   1.0000000e+00   1.0000000e+00
   1.2000000e+01   5.4202702e-01   5.7144023e-01   1.0000000e+00   1.0000000e+00   1.0000000e+00
   1.3000000e+01   1.2596601e+00   2.2211858e+00   1.0000000e+00   1.0000000e+00   1.0000000e+00
   1.4000000e+01   1.4293526e+00   1.8420227e+00   1.0000000e+00   1.0000000e+00   1.0000000e+00
   1.5000000e+01   9.0112704e-01   1.5242902e+00   1.0000000e+00   1.0000000e+00   1.0000000e+00
   1.6000000e+01   9.7417395e-01   1.5174687e+00   1.0000000e+00   1.0000000e+00   1.0000000e+00
   1.7000000e+01   2.9628518e-02   5.1251981e-02   1.0000000e+00   1.0000000e+00   1.0000000e+00
   1.0000000e+00   1.0982450e+00   2.3366466e+00   2.0000000e+00   1.0000000e+00   1.0000000e+00
   2.0000000e+00   2.9250705e-01   3.8790813e-01   2.0000000e+00   1.0000000e+00   1.0000000e+00
   3.0000000e+00   9.0450102e-01   1.7845438e+00   2.0000000e+00   1.0000000e+00   1.0000000e+00
   4.0000000e+00   1.3210791e+00   1.4791799e+00   2.0000000e+00   1.0000000e+00   1.0000000e+00
   5.0000000e+00  -2.1006214e-02  -3.9812412e-02   2.0000000e+00   1.0000000e+00   1.0000000e+00
   6.0000000e+00   6.2096428e-01   1.1639552e+00   2.0000000e+00   1.0000000e+00   1.0000000e+00
   7.0000000e+00   1.0199845e+00   1.6355026e+00   2.0000000e+00   1.0000000e+00   1.0000000e+00
   8.0000000e+00  -9.2310128e-02  -1.5371512e-01   2.0000000e+00   1.0000000e+00   1.0000000e+00
   9.0000000e+00   4.9227474e-01   9.4137599e-01   2.0000000e+00   1.0000000e+00   1.0000000e+00
   1.0000000e+01   8.3940235e-01   6.0623560e-01   2.0000000e+00   1.0000000e+00   1.0000000e+00
   1.1000000e+01   7.4544596e-01   1.1989212e+00   2.0000000e+00   1.0000000e+00   1.0000000e+00
   1.2000000e+01   5.7228351e-01   6.0333859e-01   2.0000000e+00   1.0000000e+00   1.0000000e+00
   1.3000000e+01   9.8019870e-01   1.7284055e+00   2.0000000e+00   1.0000000e+00   1.0000000e+00
   1.4000000e+01   1.2442568e+00   1.6034877e+00   2.0000000e+00   1.0000000e+00   1.0000000e+00
   1.5000000e+01   5.6891084e-01   9.6233402e-01   2.0000000e+00   1.0000000e+00   1.0000000e+00
   1.6000000e+01   7.8090792e-01   1.2164186e+00   2.0000000e+00   1.0000000e+00   1.0000000e+00
   1.7000000e+01  -4.6582385e-01  -8.0579107e-01   2.0000000e+00   1.0000000e+00   1.0000000e+00
   1.0000000e+00   1.0993193e+00   2.0788355e+00   1.0000000e+00   2.0000000e+00   1.0000000e+00
   2.0000000e+00   6.2176288e-01   6.8418561e-01   1.0000000e+00   2.0000000e+00   1.0000000e+00
   3.0000000e+00   1.1745582e+00   2.3366365e+00   1.0000000e+00   2.0000000e+00   1.0000000e+00
   4.0000000e+00   1.7951921e+00   1.6806974e+00   1.0000000e+00   2.0000000e+00   1.0000000e+00
   5.0000000e+00   7.8359424e-01   1.2577732e+00   1.0000000e+00   2.0000000e+00   1.0000000e+00
   6.0000000e+00   1.1302092e+00   2.5416947e+00   1.0000000e+00   2.0000000e+00   1.0000000e+00
   7.0000000e+00   1.2329695e+00   1.7920729e+00   1.0000000e+00   2.0000000e+00   1.0000000e+00
   8.0000000e+00   8.0769833e-01   1.4079184e+00   1.0000000e+00   2.0000000e+00   1.0000000e+00
   9.0000000e+00   4.4701365e-01   7.1125616e-01   1.0000000e+00   2.0000000e+00   1.0000000e+00
   1.0000000e+01  -9.0343781e-01  -1.2602144e+00   1.0000000e+00   2.0000000e+00   1.0000000e+00
   1.1000000e+01   1.1026487e+00   1.4402347e+00   1.0000000e+00   2.0000000e+00   1.0000000e+00
   1.2000000e+01   4.0103017e-01   6.1028617e-01   1.0000000e+00   2.0000000e+00   1.0000000e+00
   1.3000000e+01   9.0358704e-01   1.7514247e+00   1.0000000e+00   2.0000000e+00   1.0000000e+00
   1.4000000e+01   8.5646152e-01   1.0191748e+00   1.0000000e+00   2.0000000e+00   1.0000000e+00
   1.5000000e+01   8.4909438e-01   1.8549470e+00   1.0000000e+00   2.0000000e+00   1.0000000e+00
   1.6000000e+01   1.1853442e+00   1.8556185e+00   1.0000000e+00   2.0000000e+00   1.0000000e+00
   1.7000000e+01   6.0725134e-02   9.7422762e-02   1.0000000e+00   2.0000000e+00   1.0000000e+00
   1.0000000e+00   1.2623548e+00   2.3871389e+00   2.0000000e+00   2.0000000e+00   1.0000000e+00
   2.0000000e+00   1.5277472e+00   1.6811274e+00   2.0000000e+00   2.0000000e+00   1.0000000e+00
   3.0000000e+00   1.3721910e+00   2.7298022e+00   2.0000000e+00   2.0000000e+00   1.0000000e+00
   4.0000000e+00   4.8452305e-01   4.5362088e-01   2.0000000e+00   2.0000000e+00   1.0000000e+00
   5.0000000e+00   1.2114711e+00   1.9445726e+00   2.0000000e+00   2.0000000e+00   1.0000000e+00
   6.0000000e+00   7.2429226e-01   1.6288399e+00   2.0000000e+00   2.0000000e+00   1.0000000e+00
   7.0000000e+00   6.6495187e-01   9.6648154e-01   2.0000000e+00   2.0000000e+00   1.0000000e+00
   8.0000000e+00   5.2184228e-01   9.0963581e-01   2.0000000e+00   2.0000000e+00   1.0000000e+00
   9.0000000e+00   1.0458141e+00   1.6640246e+00   2.0000000e+00   2.0000000e+00   1.0000000e+00
   1.0000000e+01  -2.9814872e-01  -4.1589062e-01   2.0000000e+00   2.0000000e+00   1.0000000e+00
   1.1000000e+01   5.7320652e-01   7.4869895e-01   2.0000000e+00   2.0000000e+00   1.0000000e+00
   1.2000000e+01  -8.8617297e-02  -1.3485746e-01   2.0000000e+00   2.0000000e+00   1.0000000e+00
   1.3000000e+01   1.2901007e+00   2.5006050e+00   2.0000000e+00   2.0000000e+00   1.0000000e+00
   1.4000000e+01   9.0700605e-01   1.0793220e+00   2.0000000e+00   2.0000000e+00   1.0000000e+00
   1.5000000e+01   9.1192183e-01   1.9922010e+00   2.0000000e+00   2.0000000e+00   1.0000000e+00
   1.6000000e+01   1.0333209e+00   1.6176308e+00   2.0000000e+00   2.0000000e+00   1.0000000e+00
   1.7000000e+01  -3.7891150e-01  -6.0789664e-01   2.0000000e+00   2.0000000e+00   1.0000000e+00
   1.8000000e+01   2.9567476e-01   2.8802089e-01   1.0000000e+00   1.0000000e+00   2.0000000e+00
   1.9000000e+01   7.5086102e-01   2.3346399e+00   1.0000000e+00   1.0000000e+00   2.0000000e+00
   2.0000000e+01   5.5980666e-01   4.9225623e-01   1.0000000e+00   1.0000000e+00   2.0000000e+00
   2.1000000e+01   1.4855060e+00   1.4096720e+00   1.0000000e+00   1.0000000e+00   2.0000000e+00
   2.2000000e+01   2.3475615e+00   6.4057858e+00   1.0000000e+00   1.0000000e+00   2.0000000e+00
   2.3000000e+01   1.0887177e+00   2.4533295e+00   1.0000000e+00   1.0000000e+00   2.0000000e+00
   2.4000000e+01   1.0615195e+00   1.4906310e+00   1.0000000e+00   1.0000000e+00   2.0000000e+00
   2.5000000e+01   1.4185228e+00   1.3090293e+00   1.0000000e+00   1.0000000e+00   2.0000000e+00
   2.6000000e+01   3.4776545e-01   5.0130601e-01   1.0000000e+00   1.0000000e+00   2.0000000e+00
   2.7000000e+01   1.0511590e+00   2.3205016e+00   1.0000000e+00   1.0000000e+00   2.0000000e+00
   2.8000000e+01   2.3129075e+00   2.5229463e+00   1.0000000e+00   1.0000000e+00   2.0000000e+00
   2.9000000e+01   1.2816072e+00   1.9801904e+00   1.0000000e+00   1.0000000e+00   2.0000000e+00
   3.0000000e+01   2.1272812e+00   2.1138372e+00   1.0000000e+00   1.0000000e+00   2.0000000e+00
   3.1000000e+01   1.7654480e+00   1.9113328e+00   1.0000000e+00   1.0000000e+00   2.0000000e+00
   3.2000000e+01   6.0605030e-01   8.1358573e-01   1.0000000e+00   1.0000000e+00   2.0000000e+00
   3.3000000e+01   6.2929592e-01   1.3586833e+00   1.0000000e+00   1.0000000e+00   2.0000000e+00
   3.4000000e+01   5.9777696e-01   1.1453112e+00   1.0000000e+00   1.0000000e+00   2.0000000e+00
   3.5000000e+01   1.0086220e+00   1.5733989e+00   1.0000000e+00   1.0000000e+00   2.0000000e+00
   1.8000000e+01   1.0942519e+00   1.0659260e+00   2.0000000e+00   1.0000000e+00   2.0000000e+00
   1.9000000e+01  -1.9884464e-01  -6.1826438e-01   2.0000000e+00   1.0000000e+00   2.0000000e+00
   2.0000000e+01   6.9292418e-01   6.0931081e-01   2.0000000e+00   1.0000000e+00   2.0000000e+00
   2.1000000e+01   4.6970887e-01   4.4573058e-01   2.0000000e+00   1.0000000e+00   2.0000000e+00
   2.2000000e+01   5.0199215e-02   1.3697849e-01   2.0000000e+00   1.0000000e+00   2.0000000e+00
   2.3000000e+01   9.1558827e-01   2.0631975e+00   2.0000000e+00   1.0000000e+00   2.0000000e+00
   2.4000000e+01   4.3967829e-01   6.1741505e-01   2.0000000e+00   1.0000000e+00   2.0000000e+00
   2.5000000e+01   4.1407241e-01   3.8211082e-01   2.0000000e+00   1.0000000e+00   2.0000000e+00
   2.6000000e+01   1.3044031e+00   1.8803050e+00   2.0000000e+00   1.0000000e+00   2.0000000e+00
   2.7000000e+01   1.1629852e+00   2.5673650e+00   2.0000000e+00   1.0000000e+00   2.0000000e+00
   2.8000000e+01   1.2838673e+00   1.4004573e+00   2.0000000e+00   1.0000000e+00   2.0000000e+00
   2.9000000e+01   1.2837824e+00   1.9835512e+00   2.0000000e+00   1.0000000e+00   2.0000000e+00
   3.0000000e+01   1.6674301e+00   1.6568923e+00   2.0000000e+00   1.0000000e+00   2.0000000e+00
   3.1000000e+01   6.6556918e-01   7.2056734e-01   2.0000000e+00   1.0000000e+00   2.0000000e+00
   3.2000000e+01   1.0113589e+00   1.3576879e+00   2.0000000e+00   1.0000000e+00   2.0000000e+00
   3.3000000e+01   4.6209244e-01   9.9768214e-01   2.0000000e+00   1.0000000e+00   2.0000000e+00
   3.4000000e+01   5.7843842e-01   1.1082596e+00   2.0000000e+00   1.0000000e+00   2.0000000e+00
   3.5000000e+01   3.8708223e-01   6.0382854e-01   2.0000000e+00   1.0000000e+00   2.0000000e+00
   1.8000000e+01   8.0550501e-01   1.0316853e+00   1.0000000e+00   2.0000000e+00   2.0000000e+00
   1.9000000e+01   1.0160754e+00   2.6291404e+00   1.0000000e+00   2.0000000e+00   2.0000000e+00
   2.0000000e+01   2.0879960e-01   2.6220454e-01   1.0000000e+00   2.0000000e+00   2.0000000e+00
   2.1000000e+01   3.0855476e+00   2.7040570e+00   1.0000000e+00   2.0000000e+00   2.0000000e+00
   2.2000000e+01   1.7041925e+00   4.8491873e+00   1.0000000e+00   2.0000000e+00   2.0000000e+00
   2.3000000e+01   1.0764246e+00   2.8360628e+00   1.0000000e+00   2.0000000e+00   2.0000000e+00
   2.4000000e+01   4.3887243e-01   7.4084361e-01   1.0000000e+00   2.0000000e+00   2.0000000e+00
   2.5000000e+01   1.0783833e+00   1.7235142e+00   1.0000000e+00   2.0000000e+00   2.0000000e+00
   2.6000000e+01   4.5407339e-01   8.4729731e-01   1.0000000e+00   2.0000000e+00   2.0000000e+00
   2.7000000e+01   1.5611123e+00   3.2847478e+00   1.0000000e+00   2.0000000e+00   2.0000000e+00
   2.8000000e+01   8.6567117e-01   1.0920835e+00   1.0000000e+00   2.0000000e+00   2.0000000e+00
   2.9000000e+01   1.9196491e+00   2.6805093e+00   1.0000000e+00   2.0000000e+00   2.0000000e+00
   3.0000000e+01   1.7941393e+00   2.2583375e+00   1.0000000e+00   2.0000000e+00   2.0000000e+00
   3.1000000e+01   1.4109425e+00   1.1009594e+00   1.0000000e+00   2.0000000e+00   2.0000000e+00
   3.2000000e+01   7.9420992e-01   1.1346271e+00   1.0000000e+00   2.0000000e+00   2.0000000e+00
   3.3000000e+01   9.2896736e-01   1.6762414e+00   1.0000000e+00   2.0000000e+00   2.0000000e+00
   3.4000000e+01   7.9627014e-01   1.3885727e+00   1.0000000e+00   2.0000000e+00   2.0000000e+00
   3.5000000e+01   1.1595841e+00   1.5314536e+00   1.0000000e+00   2.0000000e+00   2.0000000e+00
   1.8000000e+01   6.6275180e-01   8.4884797e-01   2.0000000e+00   2.0000000e+00   2.0000000e+00
   1.9000000e+01   1.2189787e+00   3.1541617e+00   2.0000000e+00   2.0000000e+00   2.0000000e+00
   2.0000000e+01   1.5015117e-01   1.8855552e-01   2.0000000e+00   2.0000000e+00   2.0000000e+00
   2.1000000e+01   6.6124535e-01   5.7949036e-01   2.0000000e+00   2.0000000e+00   2.0000000e+00
   2.2000000e+01   2.6214204e-01   7.4591094e-01   2.0000000e+00   2.0000000e+00   2.0000000e+00
   2.3000000e+01   3.8601863e-01   1.0170457e+00   2.0000000e+00   2.0000000e+00   2.0000000e+00
   2.4000000e+01   6.6033921e-01   1.1146932e+00   2.0000000e+00   2.0000000e+00   2.0000000e+00
   2.5000000e+01   9.4848703e-01   1.5159089e+00   2.0000000e+00   2.0000000e+00   2.0000000e+00
   2.6000000e+01   6.8642446e-01   1.2808625e+00   2.0000000e+00   2.0000000e+00   2.0000000e+00
   2.7000000e+01   1.3540951e+00   2.8491614e+00   2.0000000e+00   2.0000000e+00   2.0000000e+00
   2.8000000e+01   2.4325337e+00   3.0687516e+00   2.0000000e+00   2.0000000e+00   2.0000000e+00
   2.9000000e+01   1.6296339e+00   2.2755454e+00   2.0000000e+00   2.0000000e+00   2.0000000e+00
   3.0000000e+01   1.7230111e+00   2.1688063e+00   2.0000000e+00   2.0000000e+00   2.0000000e+00
   3.1000000e+01   1.2045050e+00   9.3987604e-01   2.0000000e+00   2.0000000e+00   2.0000000e+00
   3.2000000e+01   1.5278187e+00   2.1826780e+00   2.0000000e+00   2.0000000e+00   2.0000000e+00
   3.3000000e+01   6.1400386e-01   1.1079170e+00   2.0000000e+00   2.0000000e+00   2.0000000e+00
   3.4000000e+01   1.1778986e+00   2.0540740e+00   2.0000000e+00   2.0000000e+00   2.0000000e+00
   3.5000000e+01   6.2037185e-01   8.1932022e-01   2.0000000e+00   2.0000000e+00   2.0000000e+00
   1.8000000e+01   1.2553301e-01   1.4898065e-01   0.0000000e+00   0.0000000e+00   2.0000000e+00
   1.9000000e+01   1.0600512e+00   3.0853865e+00   0.0000000e+00   0.0000000e+00   2.0000000e+00
   2.0000000e+01   7.4046952e-01   6.5693406e-01   0.0000000e+00   0.0000000e+00   2.0000000e+00
   2.1000000e+01   3.6562680e+00   1.2581733e+00   0.0000000e+00   0.0000000e+00   2.0000000e+00
   2.2000000e+01   3.2376438e-01   6.4026461e-01   0.0000000e+00   0.0000000e+00   2.0000000e+00
   2.3000000e+01   1.0944349e+00   2.2770335e+00   0.0000000e+00   0.0000000e+00   2.0000000e+00
   2.4000000e+01   2.2480751e-01   3.6743980e-01   0.0000000e+00   0.0000000e+00   2.0000000e+00
   2.5000000e+01   7.4412982e-01   7.9110965e-01   0.0000000e+00   0.0000000e+00   2.0000000e+00
   2.6000000e+01   4.3189041e-01   7.2808452e-01   0.0000000e+00   0.0000000e+00   2.0000000e+00
   2.7000000e+01   1.1895899e+00   2.6640650e+00   0.0000000e+00   0.0000000e+00   2.0000000e+00
   2.8000000e+01   3.9745949e+00   2.9993376e+00   0.0000000e+00   0.0000000e+00   2.0000000e+00
   2.9000000e+01   1.4797633e+00   2.2852500e+00   0.0000000e+00   0.0000000e+00   2.0000000e+00
   3.0000000e+01   1.9356665e+00   2.3284248e+00   0.0000000e+00   0.0000000e+00   2.0000000e+00
   3.1000000e+01   4.7311782e-01   4.0308272e-01   0.0000000e+00   0.0000000e+00   2.0000000e+00
   3.2000000e+01   1.3265850e+00   1.8718689e+00   0.0000000e+00   0.0000000e+00   2.0000000e+00
   3.3000000e+01   8.9508839e-01   1.8359123e+00   0.0000000e+00   0.0000000e+00   2.0000000e+00
   3.4000000e+01   8.3172162e-01   1.5031784e+00   0.0000000e+00   0.0000000e+00   2.0000000e+00
   3.5000000e+01   1.0501653e+00   1.5516424e+00   0.0000000e+00   0.0000000e+00   2.0000000e+00
